0 0 0 0
9 11 0 0 0 0 0
9 12 0 1 0 1 0
9 13 0 1 0 0 0
10 14 1 1 1 0 -0.353553390593274
10 15 0 1 -1 0 1
11 16 1 1 1 0 -0.353553390593274
12 17 1 1 0 0 0
13 18 1 1 0 0 0
14 19 1 1 0 0 0
15 20 1 1 0 0 0
16 20 1 0 0 -1 -1
17 19 1 -1 0 -1 -0.353553390593274
18 18 1 -1 0 0 0
19 17 1 -1 0 0 0
20 16 1 -1 0 0 0
21 15 1 -1 0 0 0
21 14 0 -1 -1 0 -1
22 13 1 -1 1 0 0.353553390593274
22 12 0 -1 -1 0 -1
21 11 -1 -1 -1 0 -0.353553390593274
20 10 -1 -1 0 0 0
20 9 0 -1 1 0 1
20 8 0 -1 0 0 0
20 7 0 -1 0 0 0
20 6 0 -1 0 0 0
0 0 0 0
10 11 0 0 0 0 0
0 0 0 0
11 5 0 0 0 0 0
11 6 0 1 0 1 0
11 7 0 1 0 0 0
11 8 0 1 0 0 0
11 9 0 1 0 0 0
11 10 0 1 0 0 0
11 11 0 1 0 0 0
0 0 0 0
11 38 0 0 0 0 0
11 39 0 1 0 1 0
12 40 1 1 1 0 -0.353553390593274
13 40 1 0 0 -1 -1
0 0 0 0
11 40 0 0 0 0 0
0 0 0 0
12 4 0 0 0 0 0
0 0 0 0
12 13 0 0 0 0 0
13 14 1 1 1 1 0
13 15 0 1 -1 0 1
14 16 1 1 1 0 -0.353553390593274
15 17 1 1 0 0 0
16 17 1 0 0 -1 -1
17 16 1 -1 0 -1 -0.353553390593274
18 15 1 -1 0 0 0
19 14 1 -1 0 0 0
19 13 0 -1 -1 0 -1
18 12 -1 -1 -1 0 -0.353553390593274
18 11 0 -1 1 0 1
18 10 0 -1 0 0 0
18 9 0 -1 0 0 0
18 8 0 -1 0 0 0
18 7 0 -1 0 0 0
17 6 -1 -1 -1 0 -0.353553390593274
16 6 -1 0 0 1 -1
0 0 0 0
12 14 0 0 0 0 0
0 0 0 0
12 36 0 0 0 0 0
12 37 0 1 0 1 0
0 0 0 0
13 4 0 0 0 0 0
0 0 0 0
13 6 0 0 0 0 0
13 7 0 1 0 1 0
13 8 0 1 0 0 0
13 9 0 1 0 0 0
13 10 0 1 0 0 0
13 11 0 1 0 0 0
13 12 0 1 0 0 0
0 0 0 0
13 19 0 0 0 0 0
0 0 0 0
13 34 0 0 0 0 0
13 35 0 1 0 1 0
0 0 0 0
13 39 0 0 0 0 0
0 0 0 0
14 4 0 0 0 0 0
0 0 0 0
14 6 0 0 0 0 0
0 0 0 0
14 32 0 0 0 0 0
14 33 0 1 0 1 0
15 34 1 1 1 0 -0.353553390593274
15 35 0 1 -1 0 1
15 36 0 1 0 0 0
0 0 0 0
14 37 0 0 0 0 0
14 38 0 1 0 1 0
0 0 0 0
15 4 0 0 0 0 0
0 0 0 0
15 6 0 0 0 0 0
0 0 0 0
15 30 0 0 0 0 0
15 31 0 1 0 1 0
0 0 0 0
16 4 0 0 0 0 0
0 0 0 0
16 16 0 0 0 0 0
0 0 0 0
16 19 0 0 0 0 0
0 0 0 0
16 28 0 0 0 0 0
16 29 0 1 0 1 0
0 0 0 0
16 33 0 0 0 0 0
16 34 0 1 0 1 0
0 0 0 0
17 4 0 0 0 0 0
0 0 0 0
17 15 0 0 0 0 0
0 0 0 0
17 26 0 0 0 0 0
17 27 0 1 0 1 0
18 26 1 -1 1 -2 -0.353553390593274
19 25 1 -1 0 0 0
20 25 1 0 0 1 1
21 25 1 0 0 0 0
22 25 1 0 0 0 0
0 0 0 0
17 31 0 0 0 0 0
17 32 0 1 0 1 0
0 0 0 0
18 4 0 0 0 0 0
0 0 0 0
18 6 0 0 0 0 0
0 0 0 0
18 14 0 0 0 0 0
0 0 0 0
18 25 0 0 0 0 0
0 0 0 0
18 29 0 0 0 0 0
18 30 0 1 0 1 0
0 0 0 0
18 43 0 0 0 0 0
18 44 0 1 0 1 0
19 45 1 1 1 0 -0.353553390593274
20 46 1 1 0 0 0
21 46 1 0 0 -1 -1
22 46 1 0 0 0 0
23 47 1 1 0 1 0.353553390593274
24 47 1 0 0 -1 -1
25 47 1 0 0 0 0
26 48 1 1 0 1 0.353553390593274
26 49 0 1 -1 0 1
26 50 0 1 0 0 0
26 51 0 1 0 0 0
0 0 0 0
18 45 0 0 0 0 0
0 0 0 0
19 4 0 0 0 0 0
0 0 0 0
19 28 0 0 0 0 0
0 0 0 0
19 43 0 0 0 0 0
0 0 0 0
20 11 0 0 0 0 0
0 0 0 0
20 27 0 0 0 0 0
21 28 1 1 1 1 0
22 29 1 1 0 0 0
22 30 0 1 -1 0 1
0 0 0 0
20 43 0 0 0 0 0
0 0 0 0
20 45 0 0 0 0 0
0 0 0 0
21 13 0 0 0 0 0
0 0 0 0
21 27 0 0 0 0 0
0 0 0 0
21 42 0 0 0 0 0
21 43 0 1 0 1 0
22 42 1 -1 1 -2 -0.353553390593274
23 42 1 0 0 1 1
24 41 1 -1 0 -1 -0.353553390593274
25 41 1 0 0 1 1
26 40 1 -1 0 -1 -0.353553390593274
26 39 0 -1 -1 0 -1
26 38 0 -1 0 0 0
26 37 0 -1 0 0 0
26 36 0 -1 0 0 0
26 35 0 -1 0 0 0
26 34 0 -1 0 0 0
0 0 0 0
23 26 0 0 0 0 0
23 27 0 1 0 1 0
24 28 1 1 1 0 -0.353553390593274
25 29 1 1 0 0 0
26 28 1 -1 0 -2 -0.707106781186547
27 27 1 -1 0 0 0
28 26 1 -1 0 0 0
29 25 1 -1 0 0 0
30 24 1 -1 0 0 0
30 23 0 -1 -1 0 -1
31 22 1 -1 1 0 0.353553390593274
32 21 1 -1 0 0 0
32 20 0 -1 -1 0 -1
33 19 1 -1 1 0 0.353553390593274
33 18 0 -1 -1 0 -1
34 17 1 -1 1 0 0.353553390593274
34 16 0 -1 -1 0 -1
35 15 1 -1 1 0 0.353553390593274
36 14 1 -1 0 0 0
36 13 0 -1 -1 0 -1
37 12 1 -1 1 0 0.353553390593274
37 11 0 -1 -1 0 -1
38 10 1 -1 1 0 0.353553390593274
38 9 0 -1 -1 0 -1
0 0 0 0
24 31 0 0 0 0 0
0 0 0 0
24 43 0 0 0 0 0
0 0 0 0
24 45 0 0 0 0 0
0 0 0 0
25 31 0 0 0 0 0
0 0 0 0
25 43 0 0 0 0 0
0 0 0 0
25 45 0 0 0 0 0
0 0 0 0
26 31 0 0 0 0 0
0 0 0 0
26 43 0 0 0 0 0
0 0 0 0
26 45 0 0 0 0 0
27 46 1 1 1 1 0
27 47 0 1 -1 0 1
28 48 1 1 1 0 -0.353553390593274
29 49 1 1 0 0 0
29 50 0 1 -1 0 1
0 0 0 0
26 53 0 0 0 0 0
27 54 1 1 1 1 0
28 54 1 0 0 -1 -1
29 53 1 -1 0 -1 -0.353553390593274
30 52 1 -1 0 0 0
31 51 1 -1 0 0 0
32 50 1 -1 0 0 0
33 49 1 -1 0 0 0
34 48 1 -1 0 0 0
35 48 1 0 0 1 1
0 0 0 0
26 54 0 0 0 0 0
0 0 0 0
27 30 0 0 0 0 0
0 0 0 0
27 41 0 0 0 0 0
27 42 0 1 0 1 0
0 0 0 0
28 29 0 0 0 0 0
28 30 0 1 0 1 0
29 29 1 -1 1 -2 -0.353553390593274
30 28 1 -1 0 0 0
30 27 0 -1 -1 0 -1
31 26 1 -1 1 0 0.353553390593274
32 25 1 -1 0 0 0
32 24 0 -1 -1 0 -1
33 23 1 -1 1 0 0.353553390593274
34 22 1 -1 0 0 0
34 21 0 -1 -1 0 -1
35 20 1 -1 1 0 0.353553390593274
35 19 0 -1 -1 0 -1
36 18 1 -1 1 0 0.353553390593274
37 17 1 -1 0 0 0
37 16 0 -1 -1 0 -1
38 15 1 -1 1 0 0.353553390593274
38 14 0 -1 -1 0 -1
39 13 1 -1 1 0 0.353553390593274
39 12 0 -1 -1 0 -1
40 11 1 -1 1 0 0.353553390593274
40 10 0 -1 -1 0 -1
40 9 0 -1 0 0 0
0 0 0 0
28 34 0 0 0 0 0
29 35 1 1 1 1 0
30 36 1 1 0 0 0
31 37 1 1 0 0 0
32 38 1 1 0 0 0
33 39 1 1 0 0 0
34 39 1 0 0 -1 -1
35 40 1 1 0 1 0.353553390593274
36 40 1 0 0 -1 -1
37 40 1 0 0 0 0
0 0 0 0
28 35 0 0 0 0 0
29 36 1 1 1 1 0
30 37 1 1 0 0 0
31 38 1 1 0 0 0
32 39 1 1 0 0 0
0 0 0 0
28 40 0 0 0 0 0
0 0 0 0
28 49 0 0 0 0 0
28 50 0 1 0 1 0
0 0 0 0
28 53 0 0 0 0 0
0 0 0 0
29 24 0 0 0 0 0
0 0 0 0
29 28 0 0 0 0 0
0 0 0 0
29 39 0 0 0 0 0
30 40 1 1 1 1 0
31 41 1 1 0 0 0
32 41 1 0 0 -1 -1
33 41 1 0 0 0 0
34 41 1 0 0 0 0
0 0 0 0
29 52 0 0 0 0 0
0 0 0 0
30 48 0 0 0 0 0
0 0 0 0
31 21 0 0 0 0 0
0 0 0 0
31 47 0 0 0 0 0
0 0 0 0
32 47 0 0 0 0 0
0 0 0 0
32 49 0 0 0 0 0
0 0 0 0
33 47 0 0 0 0 0
0 0 0 0
34 38 0 0 0 0 0
0 0 0 0
34 50 0 0 0 0 0
0 0 0 0
35 38 0 0 0 0 0
0 0 0 0
35 43 0 0 0 0 0
35 44 0 1 0 1 0
35 45 0 1 0 0 0
35 46 0 1 0 0 0
0 0 0 0
35 50 0 0 0 0 0
0 0 0 0
36 38 0 0 0 0 0
0 0 0 0
36 49 0 0 0 0 0
37 50 1 1 1 1 0
38 50 1 0 0 -1 -1
39 51 1 1 0 1 0.353553390593274
40 51 1 0 0 -1 -1
0 0 0 0
36 50 0 0 0 0 0
0 0 0 0
37 38 0 0 0 0 0
0 0 0 0
37 44 0 0 0 0 0
38 45 1 1 1 1 0
38 46 0 1 -1 0 1
39 47 1 1 1 0 -0.353553390593274
39 48 0 1 -1 0 1
40 49 1 1 1 0 -0.353553390593274
40 50 0 1 -1 0 1
0 0 0 0
37 45 0 0 0 0 0
0 0 0 0
38 38 0 0 0 0 0
0 0 0 0
38 42 0 0 0 0 0
38 43 0 1 0 1 0
39 42 1 -1 1 -2 -0.353553390593274
39 41 0 -1 -1 0 -1
40 40 1 -1 1 0 0.353553390593274
40 39 0 -1 -1 0 -1
40 38 0 -1 0 0 0
0 0 0 0
38 47 0 0 0 0 0
0 0 0 0
39 38 0 0 0 0 0
0 0 0 0
39 40 0 0 0 0 0
