0 0 0 0
18 24 0 0 0 0 0
18 25 0 1 0 1 0
19 26 1 1 1 0 -0.353553390593274
20 27 1 1 0 0 0
20 28 0 1 -1 0 1
21 29 1 1 1 0 -0.353553390593274
22 30 1 1 0 0 0
23 31 1 1 0 0 0
24 32 1 1 0 0 0
25 33 1 1 0 0 0
25 34 0 1 -1 0 1
26 35 1 1 1 0 -0.353553390593274
27 36 1 1 0 0 0
28 37 1 1 0 0 0
29 38 1 1 0 0 0
30 39 1 1 0 0 0
31 39 1 0 0 -1 -1
32 39 1 0 0 0 0
33 39 1 0 0 0 0
34 38 1 -1 0 -1 -0.353553390593274
35 37 1 -1 0 0 0
35 36 0 -1 -1 0 -1
36 35 1 -1 1 0 0.353553390593274
37 34 1 -1 0 0 0
38 33 1 -1 0 0 0
39 32 1 -1 0 0 0
40 31 1 -1 0 0 0
41 30 1 -1 0 0 0
42 29 1 -1 0 0 0
43 28 1 -1 0 0 0
44 27 1 -1 0 0 0
44 26 0 -1 -1 0 -1
44 25 0 -1 0 0 0
44 24 0 -1 0 0 0
0 0 0 0
18 26 0 0 0 0 0
19 27 1 1 1 1 0
0 0 0 0
19 24 0 0 0 0 0
0 0 0 0
20 24 0 0 0 0 0
0 0 0 0
21 23 0 0 0 0 0
0 0 0 0
21 26 0 0 0 0 0
22 27 1 1 1 1 0
23 28 1 1 0 0 0
24 29 1 1 0 0 0
25 30 1 1 0 0 0
26 31 1 1 0 0 0
27 32 1 1 0 0 0
28 33 1 1 0 0 0
29 34 1 1 0 0 0
29 35 0 1 -1 0 1
30 36 1 1 1 0 -0.353553390593274
31 37 1 1 0 0 0
32 36 1 -1 0 -2 -0.707106781186547
33 35 1 -1 0 0 0
34 34 1 -1 0 0 0
35 33 1 -1 0 0 0
36 32 1 -1 0 0 0
37 31 1 -1 0 0 0
38 30 1 -1 0 0 0
39 29 1 -1 0 0 0
40 28 1 -1 0 0 0
41 27 1 -1 0 0 0
42 26 1 -1 0 0 0
41 25 -1 -1 -2 0 -0.707106781186547
40 25 -1 0 0 1 -1
0 0 0 0
22 23 0 0 0 0 0
0 0 0 0
22 25 0 0 0 0 0
0 0 0 0
23 23 0 0 0 0 0
0 0 0 0
23 25 0 0 0 0 0
0 0 0 0
23 32 0 0 0 0 0
24 33 1 1 1 1 0
0 0 0 0
23 79 0 0 0 0 0
23 80 0 1 0 1 0
23 81 0 1 0 0 0
0 0 0 0
24 10 0 0 0 0 0
24 11 0 1 0 1 0
24 12 0 1 0 0 0
24 13 0 1 0 0 0
24 14 0 1 0 0 0
24 15 0 1 0 0 0
24 16 0 1 0 0 0
24 17 0 1 0 0 0
24 18 0 1 0 0 0
24 19 0 1 0 0 0
24 20 0 1 0 0 0
24 21 0 1 0 0 0
24 22 0 1 0 0 0
24 23 0 1 0 0 0
0 0 0 0
24 25 0 0 0 0 0
0 0 0 0
24 76 0 0 0 0 0
24 77 0 1 0 1 0
24 78 0 1 0 0 0
0 0 0 0
25 9 0 0 0 0 0
0 0 0 0
25 25 0 0 0 0 0
0 0 0 0
25 74 0 0 0 0 0
25 75 0 1 0 1 0
25 76 0 1 0 0 0
0 0 0 0
25 80 0 0 0 0 0
25 81 0 1 0 1 0
0 0 0 0
26 9 0 0 0 0 0
0 0 0 0
26 11 0 0 0 0 0
26 12 0 1 0 1 0
26 13 0 1 0 0 0
26 14 0 1 0 0 0
26 15 0 1 0 0 0
26 16 0 1 0 0 0
26 17 0 1 0 0 0
26 18 0 1 0 0 0
26 19 0 1 0 0 0
26 20 0 1 0 0 0
26 21 0 1 0 0 0
26 22 0 1 0 0 0
26 23 0 1 0 0 0
26 24 0 1 0 0 0
0 0 0 0
26 72 0 0 0 0 0
26 73 0 1 0 1 0
26 74 0 1 0 0 0
27 75 1 1 1 0 -0.353553390593274
27 76 0 1 -1 0 1
27 77 0 1 0 0 0
0 0 0 0
26 78 0 0 0 0 0
26 79 0 1 0 1 0
0 0 0 0
27 9 0 0 0 0 0
0 0 0 0
27 11 0 0 0 0 0
0 0 0 0
27 33 0 0 0 0 0
28 34 1 1 1 1 0
0 0 0 0
27 71 0 0 0 0 0
0 0 0 0
28 9 0 0 0 0 0
0 0 0 0
28 11 0 0 0 0 0
0 0 0 0
28 68 0 0 0 0 0
28 69 0 1 0 1 0
28 70 0 1 0 0 0
29 71 1 1 1 0 -0.353553390593274
29 72 0 1 -1 0 1
0 0 0 0
28 73 0 0 0 0 0
28 74 0 1 0 1 0
0 0 0 0
29 9 0 0 0 0 0
0 0 0 0
29 11 0 0 0 0 0
0 0 0 0
29 66 0 0 0 0 0
29 67 0 1 0 1 0
0 0 0 0
30 9 0 0 0 0 0
0 0 0 0
30 11 0 0 0 0 0
0 0 0 0
30 64 0 0 0 0 0
30 65 0 1 0 1 0
0 0 0 0
30 69 0 0 0 0 0
30 70 0 1 0 1 0
0 0 0 0
31 9 0 0 0 0 0
0 0 0 0
31 11 0 0 0 0 0
0 0 0 0
31 62 0 0 0 0 0
31 63 0 1 0 1 0
0 0 0 0
31 67 0 0 0 0 0
31 68 0 1 0 1 0
0 0 0 0
32 9 0 0 0 0 0
0 0 0 0
32 11 0 0 0 0 0
0 0 0 0
32 60 0 0 0 0 0
32 61 0 1 0 1 0
33 60 1 -1 1 -2 -0.353553390593274
33 59 0 -1 -1 0 -1
34 58 1 -1 1 0 0.353553390593274
34 57 0 -1 -1 0 -1
35 56 1 -1 1 0 0.353553390593274
35 55 0 -1 -1 0 -1
36 54 1 -1 1 0 0.353553390593274
37 53 1 -1 0 0 0
38 52 1 -1 0 0 0
39 51 1 -1 0 0 0
40 50 1 -1 0 0 0
41 50 1 0 0 1 1
42 50 1 0 0 0 0
0 0 0 0
32 65 0 0 0 0 0
32 66 0 1 0 1 0
0 0 0 0
33 9 0 0 0 0 0
0 0 0 0
33 11 0 0 0 0 0
0 0 0 0
33 38 0 0 0 0 0
0 0 0 0
33 58 0 0 0 0 0
0 0 0 0
33 63 0 0 0 0 0
33 64 0 1 0 1 0
0 0 0 0
34 9 0 0 0 0 0
0 0 0 0
34 11 0 0 0 0 0
0 0 0 0
34 37 0 0 0 0 0
0 0 0 0
34 61 0 0 0 0 0
34 62 0 1 0 1 0
0 0 0 0
35 9 0 0 0 0 0
0 0 0 0
35 11 0 0 0 0 0
0 0 0 0
35 59 0 0 0 0 0
35 60 0 1 0 1 0
0 0 0 0
36 9 0 0 0 0 0
0 0 0 0
36 11 0 0 0 0 0
37 12 1 1 1 1 0
37 13 0 1 -1 0 1
37 14 0 1 0 0 0
37 15 0 1 0 0 0
37 16 0 1 0 0 0
37 17 0 1 0 0 0
37 18 0 1 0 0 0
37 19 0 1 0 0 0
37 20 0 1 0 0 0
37 21 0 1 0 0 0
37 22 0 1 0 0 0
37 23 0 1 0 0 0
37 24 0 1 0 0 0
38 25 1 1 1 0 -0.353553390593274
39 25 1 0 0 -1 -1
0 0 0 0
36 57 0 0 0 0 0
36 58 0 1 0 1 0
37 57 1 -1 1 -2 -0.353553390593274
37 56 0 -1 -1 0 -1
38 55 1 -1 1 0 0.353553390593274
39 54 1 -1 0 0 0
40 53 1 -1 0 0 0
41 52 1 -1 0 0 0
42 51 1 -1 0 0 0
43 51 1 0 0 1 1
0 0 0 0
37 9 0 0 0 0 0
0 0 0 0
37 11 0 0 0 0 0
0 0 0 0
37 25 0 0 0 0 0
0 0 0 0
37 88 0 0 0 0 0
37 89 0 1 0 1 0
38 90 1 1 1 0 -0.353553390593274
39 91 1 1 0 0 0
40 91 1 0 0 -1 -1
41 91 1 0 0 0 0
42 91 1 0 0 0 0
43 92 1 1 0 1 0.353553390593274
44 92 1 0 0 -1 -1
45 92 1 0 0 0 0
46 93 1 1 0 1 0.353553390593274
47 93 1 0 0 -1 -1
48 93 1 0 0 0 0
49 93 1 0 0 0 0
50 93 1 0 0 0 0
51 94 1 1 0 1 0.353553390593274
52 95 1 1 0 0 0
52 96 0 1 -1 0 1
53 97 1 1 1 0 -0.353553390593274
53 98 0 1 -1 0 1
53 99 0 1 0 0 0
53 100 0 1 0 0 0
53 101 0 1 0 0 0
53 102 0 1 0 0 0
53 103 0 1 0 0 0
53 104 0 1 0 0 0
53 105 0 1 0 0 0
53 106 0 1 0 0 0
53 107 0 1 0 0 0
54 108 1 1 1 0 -0.353553390593274
55 108 1 0 0 -1 -1
56 107 1 -1 0 -1 -0.353553390593274
57 106 1 -1 0 0 0
58 105 1 -1 0 0 0
59 104 1 -1 0 0 0
60 103 1 -1 0 0 0
61 102 1 -1 0 0 0
62 101 1 -1 0 0 0
63 100 1 -1 0 0 0
63 99 0 -1 -1 0 -1
64 98 1 -1 1 0 0.353553390593274
65 98 1 0 0 1 1
66 98 1 0 0 0 0
67 98 1 0 0 0 0
68 97 1 -1 0 -1 -0.353553390593274
69 97 1 0 0 1 1
70 97 1 0 0 0 0
71 97 1 0 0 0 0
72 97 1 0 0 0 0
0 0 0 0
37 90 0 0 0 0 0
0 0 0 0
38 88 0 0 0 0 0
0 0 0 0
39 11 0 0 0 0 0
39 12 0 1 0 1 0
39 13 0 1 0 0 0
39 14 0 1 0 0 0
39 15 0 1 0 0 0
39 16 0 1 0 0 0
39 17 0 1 0 0 0
39 18 0 1 0 0 0
39 19 0 1 0 0 0
39 20 0 1 0 0 0
39 21 0 1 0 0 0
39 22 0 1 0 0 0
40 23 1 1 1 0 -0.353553390593274
41 23 1 0 0 -1 -1
42 23 1 0 0 0 0
43 24 1 1 0 1 0.353553390593274
0 0 0 0
39 23 0 0 0 0 0
0 0 0 0
39 28 0 0 0 0 0
0 0 0 0
39 87 0 0 0 0 0
0 0 0 0
39 90 0 0 0 0 0
0 0 0 0
40 27 0 0 0 0 0
0 0 0 0
40 51 0 0 0 0 0
0 0 0 0
40 87 0 0 0 0 0
0 0 0 0
41 87 0 0 0 0 0
42 88 1 1 1 1 0
43 88 1 0 0 -1 -1
44 88 1 0 0 0 0
45 87 1 -1 0 -1 -0.353553390593274
46 87 1 0 0 1 1
47 87 1 0 0 0 0
48 87 1 0 0 0 0
49 86 1 -1 0 -1 -0.353553390593274
50 86 1 0 0 1 1
51 86 1 0 0 0 0
52 85 1 -1 0 -1 -0.353553390593274
53 85 1 0 0 1 1
54 84 1 -1 0 -1 -0.353553390593274
54 83 0 -1 -1 0 -1
54 82 0 -1 0 0 0
54 81 0 -1 0 0 0
55 80 1 -1 1 0 0.353553390593274
55 79 0 -1 -1 0 -1
55 78 0 -1 0 0 0
55 77 0 -1 0 0 0
55 76 0 -1 0 0 0
55 75 0 -1 0 0 0
55 74 0 -1 0 0 0
56 73 1 -1 1 0 0.353553390593274
0 0 0 0
42 53 0 0 0 0 0
43 54 1 1 1 1 0
44 55 1 1 0 0 0
44 56 0 1 -1 0 1
45 57 1 1 1 0 -0.353553390593274
45 58 0 1 -1 0 1
46 59 1 1 1 0 -0.353553390593274
46 60 0 1 -1 0 1
47 61 1 1 1 0 -0.353553390593274
48 61 1 0 0 -1 -1
49 61 1 0 0 0 0
50 61 1 0 0 0 0
51 61 1 0 0 0 0
52 61 1 0 0 0 0
53 61 1 0 0 0 0
54 60 1 -1 0 -1 -0.353553390593274
55 59 1 -1 0 0 0
56 58 1 -1 0 0 0
57 57 1 -1 0 0 0
58 56 1 -1 0 0 0
59 55 1 -1 0 0 0
60 54 1 -1 0 0 0
61 53 1 -1 0 0 0
61 52 0 -1 -1 0 -1
62 51 1 -1 1 0 0.353553390593274
63 50 1 -1 0 0 0
63 49 0 -1 -1 0 -1
64 48 1 -1 1 0 0.353553390593274
65 47 1 -1 0 0 0
65 46 0 -1 -1 0 -1
66 45 1 -1 1 0 0.353553390593274
67 44 1 -1 0 0 0
67 43 0 -1 -1 0 -1
68 42 1 -1 1 0 0.353553390593274
69 41 1 -1 0 0 0
69 40 0 -1 -1 0 -1
70 39 1 -1 1 0 0.353553390593274
70 38 0 -1 -1 0 -1
71 37 1 -1 1 0 0.353553390593274
71 36 0 -1 -1 0 -1
72 35 1 -1 1 0 0.353553390593274
73 34 1 -1 0 0 0
73 33 0 -1 -1 0 -1
74 32 1 -1 1 0 0.353553390593274
74 31 0 -1 -1 0 -1
75 30 1 -1 1 0 0.353553390593274
75 29 0 -1 -1 0 -1
76 28 1 -1 1 0 0.353553390593274
76 27 0 -1 -1 0 -1
77 26 1 -1 1 0 0.353553390593274
77 25 0 -1 -1 0 -1
78 24 1 -1 1 0 0.353553390593274
78 23 0 -1 -1 0 -1
79 22 1 -1 1 0 0.353553390593274
80 21 1 -1 0 0 0
80 20 0 -1 -1 0 -1
80 19 0 -1 0 0 0
80 18 0 -1 0 0 0
0 0 0 0
42 86 0 0 0 0 0
0 0 0 0
43 27 0 0 0 0 0
0 0 0 0
43 55 0 0 0 0 0
0 0 0 0
43 86 0 0 0 0 0
0 0 0 0
43 90 0 0 0 0 0
0 0 0 0
44 52 0 0 0 0 0
45 53 1 1 1 1 0
45 54 0 1 -1 0 1
46 55 1 1 1 0 -0.353553390593274
46 56 0 1 -1 0 1
47 57 1 1 1 0 -0.353553390593274
48 58 1 1 0 0 0
49 59 1 1 0 0 0
50 59 1 0 0 -1 -1
51 59 1 0 0 0 0
52 59 1 0 0 0 0
53 60 1 1 0 1 0.353553390593274
0 0 0 0
44 53 0 0 0 0 0
0 0 0 0
44 57 0 0 0 0 0
0 0 0 0
44 86 0 0 0 0 0
0 0 0 0
44 90 0 0 0 0 0
0 0 0 0
45 59 0 0 0 0 0
0 0 0 0
45 85 0 0 0 0 0
0 0 0 0
45 90 0 0 0 0 0
0 0 0 0
46 85 0 0 0 0 0
0 0 0 0
46 90 0 0 0 0 0
47 91 1 1 1 1 0
48 91 1 0 0 -1 -1
49 91 1 0 0 0 0
50 91 1 0 0 0 0
51 92 1 1 0 1 0.353553390593274
52 92 1 0 0 -1 -1
53 92 1 0 0 0 0
54 93 1 1 0 1 0.353553390593274
54 94 0 1 -1 0 1
54 95 0 1 0 0 0
54 96 0 1 0 0 0
55 97 1 1 1 0 -0.353553390593274
55 98 0 1 -1 0 1
55 99 0 1 0 0 0
55 100 0 1 0 0 0
55 101 0 1 0 0 0
55 102 0 1 0 0 0
55 103 0 1 0 0 0
56 104 1 1 1 0 -0.353553390593274
57 103 1 -1 0 -2 -0.707106781186547
58 102 1 -1 0 0 0
59 101 1 -1 0 0 0
60 100 1 -1 0 0 0
60 99 0 -1 -1 0 -1
61 98 1 -1 1 0 0.353553390593274
62 97 1 -1 0 0 0
63 96 1 -1 0 0 0
64 96 1 0 0 1 1
65 96 1 0 0 0 0
66 96 1 0 0 0 0
67 96 1 0 0 0 0
0 0 0 0
46 92 0 0 0 0 0
0 0 0 0
47 85 0 0 0 0 0
0 0 0 0
47 90 0 0 0 0 0
0 0 0 0
48 59 0 0 0 0 0
0 0 0 0
48 85 0 0 0 0 0
0 0 0 0
49 84 0 0 0 0 0
0 0 0 0
50 84 0 0 0 0 0
0 0 0 0
51 84 0 0 0 0 0
0 0 0 0
52 81 0 0 0 0 0
52 82 0 1 0 1 0
52 83 0 1 0 0 0
0 0 0 0
52 94 0 0 0 0 0
0 0 0 0
53 58 0 0 0 0 0
0 0 0 0
53 69 0 0 0 0 0
53 70 0 1 0 1 0
53 71 0 1 0 0 0
53 72 0 1 0 0 0
53 73 0 1 0 0 0
53 74 0 1 0 0 0
53 75 0 1 0 0 0
53 76 0 1 0 0 0
53 77 0 1 0 0 0
53 78 0 1 0 0 0
53 79 0 1 0 0 0
53 80 0 1 0 0 0
0 0 0 0
53 108 0 0 0 0 0
0 0 0 0
54 57 0 0 0 0 0
0 0 0 0
54 69 0 0 0 0 0
55 70 1 1 1 1 0
56 71 1 1 0 0 0
57 71 1 0 0 -1 -1
58 72 1 1 0 1 0.353553390593274
59 73 1 1 0 0 0
60 74 1 1 0 0 0
60 75 0 1 -1 0 1
61 76 1 1 1 0 -0.353553390593274
62 77 1 1 0 0 0
63 78 1 1 0 0 0
64 79 1 1 0 0 0
0 0 0 0
54 85 0 0 0 0 0
0 0 0 0
55 56 0 0 0 0 0
0 0 0 0
55 69 0 0 0 0 0
56 70 1 1 1 1 0
0 0 0 0
55 73 0 0 0 0 0
0 0 0 0
56 55 0 0 0 0 0
0 0 0 0
57 54 0 0 0 0 0
0 0 0 0
57 58 0 0 0 0 0
0 0 0 0
57 74 0 0 0 0 0
58 75 1 1 1 1 0
58 76 0 1 -1 0 1
59 77 1 1 1 0 -0.353553390593274
60 78 1 1 0 0 0
61 79 1 1 0 0 0
62 80 1 1 0 0 0
63 81 1 1 0 0 0
64 82 1 1 0 0 0
65 82 1 0 0 -1 -1
66 81 1 -1 0 -1 -0.353553390593274
67 81 1 0 0 1 1
68 81 1 0 0 0 0
69 81 1 0 0 0 0
70 80 1 -1 0 -1 -0.353553390593274
71 80 1 0 0 1 1
72 80 1 0 0 0 0
73 80 1 0 0 0 0
74 79 1 -1 0 -1 -0.353553390593274
75 79 1 0 0 1 1
76 79 1 0 0 0 0
0 0 0 0
57 75 0 0 0 0 0
0 0 0 0
57 107 0 0 0 0 0
0 0 0 0
58 52 0 0 0 0 0
58 53 0 1 0 1 0
59 52 1 -1 1 -2 -0.353553390593274
59 51 0 -1 -1 0 -1
60 50 1 -1 1 0 0.353553390593274
61 49 1 -1 0 0 0
62 48 1 -1 0 0 0
62 47 0 -1 -1 0 -1
63 46 1 -1 1 0 0.353553390593274
64 45 1 -1 0 0 0
64 44 0 -1 -1 0 -1
65 43 1 -1 1 0 0.353553390593274
65 42 0 -1 -1 0 -1
66 41 1 -1 1 0 0.353553390593274
67 40 1 -1 0 0 0
67 39 0 -1 -1 0 -1
68 38 1 -1 1 0 0.353553390593274
68 37 0 -1 -1 0 -1
69 36 1 -1 1 0 0.353553390593274
70 35 1 -1 0 0 0
70 34 0 -1 -1 0 -1
70 33 0 -1 0 0 0
71 32 1 -1 1 0 0.353553390593274
72 31 1 -1 0 0 0
72 30 0 -1 -1 0 -1
73 29 1 -1 1 0 0.353553390593274
73 28 0 -1 -1 0 -1
74 27 1 -1 1 0 0.353553390593274
75 26 1 -1 0 0 0
75 25 0 -1 -1 0 -1
76 24 1 -1 1 0 0.353553390593274
76 23 0 -1 -1 0 -1
77 22 1 -1 1 0 0.353553390593274
77 21 0 -1 -1 0 -1
78 20 1 -1 1 0 0.353553390593274
78 19 0 -1 -1 0 -1
79 18 1 -1 1 0 0.353553390593274
0 0 0 0
59 100 0 0 0 0 0
0 0 0 0
61 48 0 0 0 0 0
0 0 0 0
62 100 0 0 0 0 0
0 0 0 0
63 45 0 0 0 0 0
0 0 0 0
64 47 0 0 0 0 0
0 0 0 0
66 40 0 0 0 0 0
0 0 0 0
66 44 0 0 0 0 0
0 0 0 0
66 79 0 0 0 0 0
0 0 0 0
67 79 0 0 0 0 0
0 0 0 0
68 41 0 0 0 0 0
0 0 0 0
68 79 0 0 0 0 0
0 0 0 0
68 99 0 0 0 0 0
0 0 0 0
69 35 0 0 0 0 0
0 0 0 0
69 39 0 0 0 0 0
0 0 0 0
69 79 0 0 0 0 0
0 0 0 0
69 99 0 0 0 0 0
0 0 0 0
70 78 0 0 0 0 0
0 0 0 0
70 88 0 0 0 0 0
70 89 0 1 0 1 0
71 90 1 1 1 0 -0.353553390593274
71 91 0 1 -1 0 1
72 92 1 1 1 0 -0.353553390593274
73 93 1 1 0 0 0
74 94 1 1 0 0 0
74 95 0 1 -1 0 1
75 96 1 1 1 0 -0.353553390593274
76 97 1 1 0 0 0
77 98 1 1 0 0 0
0 0 0 0
70 99 0 0 0 0 0
0 0 0 0
71 78 0 0 0 0 0
0 0 0 0
71 87 0 0 0 0 0
71 88 0 1 0 1 0
72 89 1 1 1 0 -0.353553390593274
73 90 1 1 0 0 0
74 91 1 1 0 0 0
75 92 1 1 0 0 0
76 93 1 1 0 0 0
77 94 1 1 0 0 0
77 95 0 1 -1 0 1
78 96 1 1 1 0 -0.353553390593274
79 97 1 1 0 0 0
80 98 1 1 0 0 0
80 99 0 1 -1 0 1
81 100 1 1 1 0 -0.353553390593274
0 0 0 0
71 99 0 0 0 0 0
72 100 1 1 1 1 0
73 100 1 0 0 -1 -1
74 100 1 0 0 0 0
75 100 1 0 0 0 0
76 101 1 1 0 1 0.353553390593274
77 101 1 0 0 -1 -1
78 101 1 0 0 0 0
79 101 1 0 0 0 0
0 0 0 0
72 34 0 0 0 0 0
0 0 0 0
72 78 0 0 0 0 0
0 0 0 0
72 85 0 0 0 0 0
72 86 0 1 0 1 0
73 85 1 -1 1 -2 -0.353553390593274
73 84 0 -1 -1 0 -1
74 83 1 -1 1 0 0.353553390593274
75 82 1 -1 0 0 0
76 81 1 -1 0 0 0
0 0 0 0
72 98 0 0 0 0 0
0 0 0 0
73 32 0 0 0 0 0
0 0 0 0
73 78 0 0 0 0 0
0 0 0 0
73 88 0 0 0 0 0
0 0 0 0
73 98 0 0 0 0 0
0 0 0 0
74 26 0 0 0 0 0
0 0 0 0
74 30 0 0 0 0 0
0 0 0 0
74 77 0 0 0 0 0
0 0 0 0
74 87 0 0 0 0 0
0 0 0 0
74 98 0 0 0 0 0
0 0 0 0
75 24 0 0 0 0 0
0 0 0 0
75 77 0 0 0 0 0
0 0 0 0
75 85 0 0 0 0 0
75 86 0 1 0 1 0
0 0 0 0
75 98 0 0 0 0 0
76 99 1 1 1 1 0
0 0 0 0
76 22 0 0 0 0 0
0 0 0 0
76 77 0 0 0 0 0
0 0 0 0
76 84 0 0 0 0 0
0 0 0 0
76 94 0 0 0 0 0
0 0 0 0
77 20 0 0 0 0 0
0 0 0 0
77 76 0 0 0 0 0
0 0 0 0
77 83 0 0 0 0 0
0 0 0 0
78 18 0 0 0 0 0
0 0 0 0
78 76 0 0 0 0 0
0 0 0 0
78 78 0 0 0 0 0
0 0 0 0
78 81 0 0 0 0 0
78 82 0 1 0 1 0
79 81 1 -1 1 -2 -0.353553390593274
79 80 0 -1 -1 0 -1
80 79 1 -1 1 0 0.353553390593274
81 78 1 -1 0 0 0
0 0 0 0
78 100 0 0 0 0 0
0 0 0 0
79 21 0 0 0 0 0
0 0 0 0
79 76 0 0 0 0 0
0 0 0 0
79 98 0 0 0 0 0
0 0 0 0
80 76 0 0 0 0 0
0 0 0 0
80 78 0 0 0 0 0
0 0 0 0
81 76 0 0 0 0 0
